#e_p,R_H,f_stab
0.000,0.250,1.00000
0.000,0.260,1.00000
0.000,0.270,1.00000
0.000,0.280,0.95000
0.000,0.290,1.00000
0.000,0.300,1.00000
0.000,0.310,1.00000
0.000,0.320,1.00000
0.000,0.330,1.00000
0.000,0.340,0.55000
0.000,0.350,0.45000
0.000,0.360,0.05000
0.000,0.370,-0.05000
0.000,0.380,0.05000
0.000,0.390,-0.05263
0.000,0.400,-0.05000
0.000,0.410,-0.05000
0.000,0.420,-0.05000
0.000,0.430,-0.05000
0.000,0.440,-0.05000
0.000,0.450,-0.05000
0.000,0.460,-0.05000
0.000,0.470,-0.05000
0.000,0.480,-0.05000
0.000,0.490,-0.05000
0.000,0.500,-0.04762
0.000,0.510,-0.05000
0.000,0.520,-0.05000
0.000,0.530,-0.05000
0.000,0.540,-0.05000
0.000,0.550,-0.05000
0.010,0.250,1.00000
0.010,0.260,1.00000
0.010,0.270,1.00000
0.010,0.280,0.60000
0.010,0.290,1.00000
0.010,0.300,1.00000
0.010,0.310,1.00000
0.010,0.320,1.00000
0.010,0.330,1.00000
0.010,0.340,0.50000
0.010,0.350,0.25000
0.010,0.360,0.05000
0.010,0.370,-0.05000
0.010,0.380,0.05000
0.010,0.390,-0.05000
0.010,0.400,-0.05000
0.010,0.410,-0.05000
0.010,0.420,-0.05000
0.010,0.430,-0.05000
0.010,0.440,-0.05000
0.010,0.450,-0.05000
0.010,0.460,-0.05000
0.010,0.470,-0.05000
0.010,0.480,-0.05000
0.010,0.490,-0.05000
0.010,0.500,-0.05000
0.010,0.510,-0.05000
0.010,0.520,-0.05000
0.010,0.530,-0.05000
0.010,0.540,-0.05000
0.010,0.550,-0.05000
0.020,0.250,1.00000
0.020,0.260,1.00000
0.020,0.270,1.00000
0.020,0.280,0.66667
0.020,0.290,0.90000
0.020,0.300,1.00000
0.020,0.310,1.00000
0.020,0.320,1.00000
0.020,0.330,0.95238
0.020,0.340,0.42857
0.020,0.350,0.52381
0.020,0.360,-0.05000
0.020,0.370,-0.05000
0.020,0.380,-0.05000
0.020,0.390,-0.05000
0.020,0.400,-0.05000
0.020,0.410,-0.05000
0.020,0.420,-0.05000
0.020,0.430,-0.05000
0.020,0.440,-0.05000
0.020,0.450,-0.05000
0.020,0.460,-0.05000
0.020,0.470,-0.05000
0.020,0.480,-0.05000
0.020,0.490,-0.05000
0.020,0.500,-0.05000
0.020,0.510,-0.05000
0.020,0.520,-0.05000
0.020,0.530,-0.05000
0.020,0.540,-0.05000
0.020,0.550,-0.05000
0.030,0.250,1.00000
0.030,0.260,1.00000
0.030,0.270,1.00000
0.030,0.280,0.45000
0.030,0.290,0.90000
0.030,0.300,1.00000
0.030,0.310,1.00000
0.030,0.320,1.00000
0.030,0.330,1.00000
0.030,0.340,0.35000
0.030,0.350,0.35000
0.030,0.360,0.10000
0.030,0.370,-0.05000
0.030,0.380,-0.05000
0.030,0.390,-0.05000
0.030,0.400,-0.05000
0.030,0.410,-0.05000
0.030,0.420,-0.05000
0.030,0.430,-0.05000
0.030,0.440,-0.05000
0.030,0.450,-0.05000
0.030,0.460,-0.05000
0.030,0.470,-0.05000
0.030,0.480,-0.05000
0.030,0.490,-0.05000
0.030,0.500,-0.04762
0.030,0.510,-0.05000
0.030,0.520,-0.05000
0.030,0.530,-0.05000
0.030,0.540,-0.05000
0.030,0.550,-0.05000
0.040,0.250,1.00000
0.040,0.260,1.00000
0.040,0.270,1.00000
0.040,0.280,0.35000
0.040,0.290,0.95000
0.040,0.300,1.00000
0.040,0.310,1.00000
0.040,0.320,1.00000
0.040,0.330,1.00000
0.040,0.340,0.33333
0.040,0.350,0.55000
0.040,0.360,0.20000
0.040,0.370,-0.05000
0.040,0.380,-0.04762
0.040,0.390,-0.05000
0.040,0.400,-0.05000
0.040,0.410,-0.05000
0.040,0.420,-0.05000
0.040,0.430,-0.05000
0.040,0.440,-0.05000
0.040,0.450,-0.05000
0.040,0.460,-0.05000
0.040,0.470,-0.05000
0.040,0.480,-0.05000
0.040,0.490,-0.05000
0.040,0.500,-0.05000
0.040,0.510,-0.05000
0.040,0.520,-0.05000
0.040,0.530,-0.05000
0.040,0.540,-0.05000
0.040,0.550,-0.05000
0.050,0.250,1.00000
0.050,0.260,1.00000
0.050,0.270,1.00000
0.050,0.280,0.30000
0.050,0.290,0.70000
0.050,0.300,1.00000
0.050,0.310,1.00000
0.050,0.320,1.00000
0.050,0.330,0.90000
0.050,0.340,0.55000
0.050,0.350,0.55000
0.050,0.360,-0.05000
0.050,0.370,-0.05000
0.050,0.380,-0.05000
0.050,0.390,-0.05000
0.050,0.400,-0.05000
0.050,0.410,-0.05000
0.050,0.420,-0.05000
0.050,0.430,-0.05000
0.050,0.440,-0.05000
0.050,0.450,-0.05000
0.050,0.460,-0.05000
0.050,0.470,-0.05000
0.050,0.480,-0.05000
0.050,0.490,-0.05000
0.050,0.500,-0.05000
0.050,0.510,-0.05000
0.050,0.520,-0.05000
0.050,0.530,-0.04762
0.050,0.540,-0.05000
0.050,0.550,-0.05000
0.060,0.250,1.00000
0.060,0.260,1.00000
0.060,0.270,1.00000
0.060,0.280,0.45000
0.060,0.290,0.90000
0.060,0.300,1.00000
0.060,0.310,1.00000
0.060,0.320,1.00000
0.060,0.330,0.95238
0.060,0.340,0.20000
0.060,0.350,0.30000
0.060,0.360,0.05000
0.060,0.370,-0.05000
0.060,0.380,-0.05000
0.060,0.390,-0.05000
0.060,0.400,-0.05000
0.060,0.410,-0.04762
0.060,0.420,-0.05000
0.060,0.430,-0.05000
0.060,0.440,-0.05000
0.060,0.450,-0.05000
0.060,0.460,-0.05000
0.060,0.470,-0.05000
0.060,0.480,-0.05000
0.060,0.490,-0.05000
0.060,0.500,-0.05000
0.060,0.510,-0.05000
0.060,0.520,-0.05000
0.060,0.530,-0.05000
0.060,0.540,-0.05000
0.060,0.550,-0.05000
0.070,0.250,1.00000
0.070,0.260,1.00000
0.070,0.270,1.00000
0.070,0.280,0.19048
0.070,0.290,0.65000
0.070,0.300,1.00000
0.070,0.310,1.00000
0.070,0.320,1.00000
0.070,0.330,0.85000
0.070,0.340,0.40000
0.070,0.350,0.38095
0.070,0.360,0.05000
0.070,0.370,-0.05000
0.070,0.380,-0.05000
0.070,0.390,-0.05000
0.070,0.400,-0.05000
0.070,0.410,-0.05000
0.070,0.420,-0.05000
0.070,0.430,-0.05000
0.070,0.440,-0.05000
0.070,0.450,-0.05000
0.070,0.460,-0.05000
0.070,0.470,-0.05000
0.070,0.480,-0.05000
0.070,0.490,-0.05000
0.070,0.500,-0.05000
0.070,0.510,-0.05000
0.070,0.520,-0.05000
0.070,0.530,-0.05000
0.070,0.540,-0.05000
0.070,0.550,-0.05000
0.080,0.250,1.00000
0.080,0.260,1.00000
0.080,0.270,1.00000
0.080,0.280,0.42857
0.080,0.290,0.85714
0.080,0.300,1.00000
0.080,0.310,1.00000
0.080,0.320,1.00000
0.080,0.330,0.75000
0.080,0.340,0.60000
0.080,0.350,0.35000
0.080,0.360,0.05000
0.080,0.370,-0.05000
0.080,0.380,-0.05000
0.080,0.390,-0.05000
0.080,0.400,-0.05000
0.080,0.410,-0.05000
0.080,0.420,-0.05000
0.080,0.430,-0.05000
0.080,0.440,-0.05000
0.080,0.450,-0.05000
0.080,0.460,-0.05000
0.080,0.470,-0.05000
0.080,0.480,-0.05000
0.080,0.490,-0.05000
0.080,0.500,-0.05000
0.080,0.510,-0.05000
0.080,0.520,-0.05000
0.080,0.530,-0.05000
0.080,0.540,-0.05000
0.080,0.550,-0.05000
0.090,0.250,1.00000
0.090,0.260,1.00000
0.090,0.270,1.00000
0.090,0.280,0.10000
0.090,0.290,0.85000
0.090,0.300,1.00000
0.090,0.310,1.00000
0.090,0.320,1.00000
0.090,0.330,0.76190
0.090,0.340,0.30000
0.090,0.350,0.30000
0.090,0.360,-0.05000
0.090,0.370,-0.05000
0.090,0.380,-0.05000
0.090,0.390,-0.04762
0.090,0.400,-0.05000
0.090,0.410,-0.04762
0.090,0.420,-0.05000
0.090,0.430,-0.05000
0.090,0.440,-0.05000
0.090,0.450,-0.05000
0.090,0.460,-0.05000
0.090,0.470,-0.05000
0.090,0.480,-0.05000
0.090,0.490,-0.05000
0.090,0.500,-0.05000
0.090,0.510,-0.05000
0.090,0.520,-0.05000
0.090,0.530,-0.05000
0.090,0.540,-0.05000
0.090,0.550,-0.05000
0.100,0.250,1.00000
0.100,0.260,1.00000
0.100,0.270,1.00000
0.100,0.280,0.10000
0.100,0.290,0.86364
0.100,0.300,1.00000
0.100,0.310,1.00000
0.100,0.320,1.00000
0.100,0.330,0.60000
0.100,0.340,0.45000
0.100,0.350,0.35000
0.100,0.360,-0.05000
0.100,0.370,-0.05000
0.100,0.380,-0.05000
0.100,0.390,-0.05000
0.100,0.400,-0.05000
0.100,0.410,-0.05000
0.100,0.420,-0.05000
0.100,0.430,-0.05000
0.100,0.440,-0.05000
0.100,0.450,-0.05000
0.100,0.460,-0.05000
0.100,0.470,-0.05000
0.100,0.480,-0.05000
0.100,0.490,-0.05000
0.100,0.500,-0.05000
0.100,0.510,-0.05000
0.100,0.520,-0.05000
0.100,0.530,-0.05000
0.100,0.540,-0.05000
0.100,0.550,-0.05000
0.110,0.250,1.00000
0.110,0.260,1.00000
0.110,0.270,1.00000
0.110,0.280,0.15000
0.110,0.290,0.85000
0.110,0.300,1.00000
0.110,0.310,1.00000
0.110,0.320,1.00000
0.110,0.330,0.70000
0.110,0.340,0.30000
0.110,0.350,0.20000
0.110,0.360,-0.05000
0.110,0.370,-0.05000
0.110,0.380,-0.05000
0.110,0.390,-0.05000
0.110,0.400,-0.05000
0.110,0.410,-0.05000
0.110,0.420,-0.04762
0.110,0.430,-0.05000
0.110,0.440,-0.05000
0.110,0.450,-0.05000
0.110,0.460,-0.05000
0.110,0.470,-0.05000
0.110,0.480,-0.05000
0.110,0.490,-0.05000
0.110,0.500,-0.05000
0.110,0.510,-0.05000
0.110,0.520,-0.05000
0.110,0.530,-0.05000
0.110,0.540,-0.05000
0.110,0.550,-0.05000
0.120,0.250,1.00000
0.120,0.260,1.00000
0.120,0.270,1.00000
0.120,0.280,0.20000
0.120,0.290,0.71429
0.120,0.300,1.00000
0.120,0.310,1.00000
0.120,0.320,1.00000
0.120,0.330,0.55000
0.120,0.340,0.30000
0.120,0.350,0.30000
0.120,0.360,-0.05000
0.120,0.370,-0.05000
0.120,0.380,-0.05000
0.120,0.390,-0.05000
0.120,0.400,-0.05000
0.120,0.410,-0.05000
0.120,0.420,-0.05000
0.120,0.430,-0.05000
0.120,0.440,-0.05000
0.120,0.450,-0.05000
0.120,0.460,-0.05000
0.120,0.470,-0.05000
0.120,0.480,-0.05000
0.120,0.490,-0.05000
0.120,0.500,-0.05000
0.120,0.510,-0.05000
0.120,0.520,-0.05000
0.120,0.530,-0.05000
0.120,0.540,-0.05000
0.120,0.550,-0.05000
0.130,0.250,1.00000
0.130,0.260,1.00000
0.130,0.270,1.00000
0.130,0.280,0.15000
0.130,0.290,0.75000
0.130,0.300,0.95238
0.130,0.310,1.00000
0.130,0.320,0.95238
0.130,0.330,0.80000
0.130,0.340,0.47619
0.130,0.350,0.25000
0.130,0.360,-0.05000
0.130,0.370,-0.05000
0.130,0.380,-0.05000
0.130,0.390,-0.05000
0.130,0.400,-0.05000
0.130,0.410,-0.05000
0.130,0.420,-0.05000
0.130,0.430,-0.05000
0.130,0.440,-0.05000
0.130,0.450,-0.05000
0.130,0.460,-0.05000
0.130,0.470,-0.05000
0.130,0.480,-0.05000
0.130,0.490,-0.05000
0.130,0.500,-0.05000
0.130,0.510,-0.05000
0.130,0.520,-0.05000
0.130,0.530,-0.05000
0.130,0.540,-0.05000
0.130,0.550,-0.05000
0.140,0.250,1.00000
0.140,0.260,1.00000
0.140,0.270,1.00000
0.140,0.280,0.20000
0.140,0.290,0.72727
0.140,0.300,0.90000
0.140,0.310,1.00000
0.140,0.320,0.95000
0.140,0.330,0.66667
0.140,0.340,0.47619
0.140,0.350,0.35000
0.140,0.360,-0.05000
0.140,0.370,-0.05000
0.140,0.380,-0.05000
0.140,0.390,-0.05000
0.140,0.400,-0.05000
0.140,0.410,-0.05000
0.140,0.420,-0.05000
0.140,0.430,-0.05000
0.140,0.440,-0.05000
0.140,0.450,-0.05000
0.140,0.460,-0.05000
0.140,0.470,-0.05000
0.140,0.480,-0.05000
0.140,0.490,-0.05000
0.140,0.500,-0.05000
0.140,0.510,-0.05000
0.140,0.520,-0.05000
0.140,0.530,-0.05000
0.140,0.540,-0.05000
0.140,0.550,-0.05000
0.150,0.250,1.00000
0.150,0.260,1.00000
0.150,0.270,1.00000
0.150,0.280,0.25000
0.150,0.290,0.80000
0.150,0.300,0.90000
0.150,0.310,1.00000
0.150,0.320,0.90909
0.150,0.330,0.71429
0.150,0.340,0.40000
0.150,0.350,0.09524
0.150,0.360,-0.05000
0.150,0.370,-0.05000
0.150,0.380,-0.05000
0.150,0.390,-0.05000
0.150,0.400,-0.05000
0.150,0.410,-0.05000
0.150,0.420,-0.05000
0.150,0.430,-0.05000
0.150,0.440,-0.05000
0.150,0.450,-0.05000
0.150,0.460,-0.05000
0.150,0.470,-0.05000
0.150,0.480,-0.05000
0.150,0.490,-0.05000
0.150,0.500,-0.05000
0.150,0.510,-0.05000
0.150,0.520,-0.05000
0.150,0.530,-0.05000
0.150,0.540,-0.05000
0.150,0.550,-0.05000
0.160,0.250,1.00000
0.160,0.260,1.00000
0.160,0.270,1.00000
0.160,0.280,0.30000
0.160,0.290,0.76190
0.160,0.300,0.76190
0.160,0.310,1.00000
0.160,0.320,0.80000
0.160,0.330,0.85000
0.160,0.340,0.25000
0.160,0.350,0.25000
0.160,0.360,-0.05000
0.160,0.370,-0.05000
0.160,0.380,-0.05000
0.160,0.390,-0.05000
0.160,0.400,-0.05000
0.160,0.410,-0.05000
0.160,0.420,-0.05000
0.160,0.430,-0.05000
0.160,0.440,-0.05000
0.160,0.450,-0.05000
0.160,0.460,-0.05000
0.160,0.470,-0.05000
0.160,0.480,-0.05000
0.160,0.490,-0.05000
0.160,0.500,-0.05000
0.160,0.510,-0.05000
0.160,0.520,-0.05000
0.160,0.530,-0.05000
0.160,0.540,-0.05000
0.160,0.550,-0.05000
0.170,0.250,1.00000
0.170,0.260,1.00000
0.170,0.270,0.95238
0.170,0.280,0.15000
0.170,0.290,0.50000
0.170,0.300,0.80000
0.170,0.310,1.00000
0.170,0.320,0.80000
0.170,0.330,0.70000
0.170,0.340,0.45000
0.170,0.350,0.20000
0.170,0.360,-0.05000
0.170,0.370,-0.05000
0.170,0.380,-0.05000
0.170,0.390,-0.05000
0.170,0.400,-0.05000
0.170,0.410,-0.05000
0.170,0.420,-0.05000
0.170,0.430,-0.05000
0.170,0.440,-0.05000
0.170,0.450,-0.05000
0.170,0.460,-0.05000
0.170,0.470,-0.05000
0.170,0.480,-0.05000
0.170,0.490,-0.05000
0.170,0.500,-0.05000
0.170,0.510,-0.04762
0.170,0.520,-0.05000
0.170,0.530,-0.05000
0.170,0.540,-0.05000
0.170,0.550,-0.05000
0.180,0.250,1.00000
0.180,0.260,1.00000
0.180,0.270,0.90476
0.180,0.280,0.20000
0.180,0.290,0.35000
0.180,0.300,0.65000
0.180,0.310,1.00000
0.180,0.320,0.90000
0.180,0.330,0.45000
0.180,0.340,0.35000
0.180,0.350,0.35000
0.180,0.360,-0.05000
0.180,0.370,-0.05000
0.180,0.380,-0.05000
0.180,0.390,-0.05000
0.180,0.400,-0.05000
0.180,0.410,-0.05000
0.180,0.420,-0.05000
0.180,0.430,-0.05000
0.180,0.440,-0.05000
0.180,0.450,-0.05000
0.180,0.460,-0.05000
0.180,0.470,-0.05000
0.180,0.480,-0.05000
0.180,0.490,-0.05000
0.180,0.500,-0.05000
0.180,0.510,-0.05000
0.180,0.520,-0.05000
0.180,0.530,-0.05000
0.180,0.540,-0.05000
0.180,0.550,-0.05000
0.190,0.250,1.00000
0.190,0.260,1.00000
0.190,0.270,0.90476
0.190,0.280,0.20000
0.190,0.290,0.50000
0.190,0.300,0.65000
0.190,0.310,1.00000
0.190,0.320,0.50000
0.190,0.330,0.45000
0.190,0.340,0.30000
0.190,0.350,0.15000
0.190,0.360,-0.05000
0.190,0.370,-0.05000
0.190,0.380,-0.05000
0.190,0.390,-0.04762
0.190,0.400,-0.05000
0.190,0.410,-0.05000
0.190,0.420,-0.05000
0.190,0.430,-0.05000
0.190,0.440,-0.05000
0.190,0.450,-0.05000
0.190,0.460,-0.05000
0.190,0.470,-0.05000
0.190,0.480,-0.05000
0.190,0.490,-0.05000
0.190,0.500,-0.05000
0.190,0.510,-0.05000
0.190,0.520,-0.05000
0.190,0.530,-0.05000
0.190,0.540,-0.05000
0.190,0.550,-0.05000
0.200,0.250,1.00000
0.200,0.260,1.00000
0.200,0.270,0.90000
0.200,0.280,0.10000
0.200,0.290,0.23810
0.200,0.300,0.71429
0.200,0.310,0.90000
0.200,0.320,0.72727
0.200,0.330,0.50000
0.200,0.340,0.20000
0.200,0.350,0.05000
0.200,0.360,-0.05000
0.200,0.370,-0.05000
0.200,0.380,-0.05000
0.200,0.390,-0.05000
0.200,0.400,-0.05000
0.200,0.410,-0.05000
0.200,0.420,-0.05000
0.200,0.430,-0.05000
0.200,0.440,-0.05000
0.200,0.450,-0.05000
0.200,0.460,-0.05000
0.200,0.470,-0.05000
0.200,0.480,-0.05000
0.200,0.490,-0.05000
0.200,0.500,-0.05000
0.200,0.510,-0.05000
0.200,0.520,-0.05000
0.200,0.530,-0.05000
0.200,0.540,-0.05000
0.200,0.550,-0.05000
0.210,0.250,1.00000
0.210,0.260,1.00000
0.210,0.270,0.95238
0.210,0.280,0.10000
0.210,0.290,0.25000
0.210,0.300,0.55000
0.210,0.310,0.85000
0.210,0.320,0.85000
0.210,0.330,0.47619
0.210,0.340,0.35000
0.210,0.350,0.10000
0.210,0.360,-0.05000
0.210,0.370,-0.05000
0.210,0.380,-0.05000
0.210,0.390,-0.05000
0.210,0.400,-0.05000
0.210,0.410,-0.05000
0.210,0.420,-0.05000
0.210,0.430,-0.05000
0.210,0.440,-0.05000
0.210,0.450,-0.05000
0.210,0.460,-0.05000
0.210,0.470,-0.05000
0.210,0.480,-0.05000
0.210,0.490,-0.05000
0.210,0.500,-0.05000
0.210,0.510,-0.05000
0.210,0.520,-0.05000
0.210,0.530,-0.05000
0.210,0.540,-0.05000
0.210,0.550,-0.05000
0.220,0.250,1.00000
0.220,0.260,1.00000
0.220,0.270,0.80952
0.220,0.280,0.28571
0.220,0.290,0.15000
0.220,0.300,0.50000
0.220,0.310,0.80000
0.220,0.320,0.76190
0.220,0.330,0.66667
0.220,0.340,0.30000
0.220,0.350,0.15000
0.220,0.360,-0.05000
0.220,0.370,-0.05000
0.220,0.380,-0.04762
0.220,0.390,-0.05000
0.220,0.400,-0.05000
0.220,0.410,-0.05000
0.220,0.420,-0.05000
0.220,0.430,-0.05000
0.220,0.440,-0.05000
0.220,0.450,-0.05000
0.220,0.460,-0.05000
0.220,0.470,-0.05000
0.220,0.480,-0.05000
0.220,0.490,-0.05000
0.220,0.500,-0.05000
0.220,0.510,-0.05000
0.220,0.520,-0.05000
0.220,0.530,-0.05000
0.220,0.540,-0.05000
0.220,0.550,-0.05000
0.230,0.250,1.00000
0.230,0.260,1.00000
0.230,0.270,0.90476
0.230,0.280,0.30000
0.230,0.290,0.30000
0.230,0.300,0.57143
0.230,0.310,0.76190
0.230,0.320,0.50000
0.230,0.330,0.40000
0.230,0.340,0.10000
0.230,0.350,0.10000
0.230,0.360,-0.05000
0.230,0.370,-0.05000
0.230,0.380,-0.05000
0.230,0.390,-0.05000
0.230,0.400,-0.05000
0.230,0.410,-0.05000
0.230,0.420,-0.05000
0.230,0.430,-0.05000
0.230,0.440,-0.05000
0.230,0.450,-0.05000
0.230,0.460,-0.05000
0.230,0.470,-0.05000
0.230,0.480,-0.05000
0.230,0.490,-0.05000
0.230,0.500,-0.05000
0.230,0.510,-0.05000
0.230,0.520,-0.05000
0.230,0.530,-0.05000
0.230,0.540,-0.05000
0.230,0.550,-0.05000
0.240,0.250,1.00000
0.240,0.260,1.00000
0.240,0.270,1.00000
0.240,0.280,0.30000
0.240,0.290,0.20000
0.240,0.300,0.55000
0.240,0.310,0.76190
0.240,0.320,0.50000
0.240,0.330,0.40000
0.240,0.340,0.20000
0.240,0.350,0.10000
0.240,0.360,-0.05000
0.240,0.370,-0.05000
0.240,0.380,-0.05000
0.240,0.390,-0.05000
0.240,0.400,-0.05000
0.240,0.410,-0.05000
0.240,0.420,-0.05000
0.240,0.430,-0.05000
0.240,0.440,-0.05000
0.240,0.450,-0.05000
0.240,0.460,-0.05000
0.240,0.470,-0.05000
0.240,0.480,-0.05000
0.240,0.490,-0.05000
0.240,0.500,-0.05000
0.240,0.510,-0.05000
0.240,0.520,-0.05000
0.240,0.530,-0.05000
0.240,0.540,-0.05000
0.240,0.550,-0.05000
0.250,0.250,1.00000
0.250,0.260,1.00000
0.250,0.270,0.70000
0.250,0.280,0.10000
0.250,0.290,0.20000
0.250,0.300,0.38095
0.250,0.310,0.70000
0.250,0.320,0.50000
0.250,0.330,0.30000
0.250,0.340,0.10000
0.250,0.350,0.05000
0.250,0.360,-0.05000
0.250,0.370,-0.05000
0.250,0.380,-0.05000
0.250,0.390,-0.05000
0.250,0.400,-0.05000
0.250,0.410,-0.05000
0.250,0.420,-0.05000
0.250,0.430,-0.05000
0.250,0.440,-0.05000
0.250,0.450,-0.05000
0.250,0.460,-0.05000
0.250,0.470,-0.05000
0.250,0.480,-0.05000
0.250,0.490,-0.05000
0.250,0.500,-0.05000
0.250,0.510,-0.05000
0.250,0.520,-0.05000
0.250,0.530,-0.05000
0.250,0.540,-0.05000
0.250,0.550,-0.05000
0.260,0.250,1.00000
0.260,0.260,1.00000
0.260,0.270,0.71429
0.260,0.280,0.04762
0.260,0.290,0.10000
0.260,0.300,0.45000
0.260,0.310,0.65000
0.260,0.320,0.45000
0.260,0.330,0.30000
0.260,0.340,0.04762
0.260,0.350,-0.05000
0.260,0.360,-0.05000
0.260,0.370,-0.05000
0.260,0.380,-0.05000
0.260,0.390,-0.05000
0.260,0.400,-0.05000
0.260,0.410,-0.05000
0.260,0.420,-0.05000
0.260,0.430,-0.05000
0.260,0.440,-0.05000
0.260,0.450,-0.05000
0.260,0.460,-0.05000
0.260,0.470,-0.05000
0.260,0.480,-0.05000
0.260,0.490,-0.05000
0.260,0.500,-0.04545
0.260,0.510,-0.05000
0.260,0.520,-0.05000
0.260,0.530,-0.05000
0.260,0.540,-0.05000
0.260,0.550,-0.04762
0.270,0.250,1.00000
0.270,0.260,1.00000
0.270,0.270,0.65000
0.270,0.280,0.20000
0.270,0.290,0.10000
0.270,0.300,0.30000
0.270,0.310,0.55000
0.270,0.320,0.45000
0.270,0.330,0.30000
0.270,0.340,0.05000
0.270,0.350,0.05000
0.270,0.360,-0.05000
0.270,0.370,-0.04762
0.270,0.380,-0.05000
0.270,0.390,-0.05000
0.270,0.400,-0.05000
0.270,0.410,-0.05000
0.270,0.420,-0.05000
0.270,0.430,-0.05000
0.270,0.440,-0.05000
0.270,0.450,-0.05000
0.270,0.460,-0.05000
0.270,0.470,-0.05000
0.270,0.480,-0.05000
0.270,0.490,-0.05000
0.270,0.500,-0.05000
0.270,0.510,-0.05000
0.270,0.520,-0.05000
0.270,0.530,-0.05000
0.270,0.540,-0.05000
0.270,0.550,-0.05000
0.280,0.250,1.00000
0.280,0.260,1.00000
0.280,0.270,0.70000
0.280,0.280,0.15000
0.280,0.290,0.20000
0.280,0.300,0.20000
0.280,0.310,0.30000
0.280,0.320,0.60000
0.280,0.330,0.20000
0.280,0.340,0.15000
0.280,0.350,-0.05000
0.280,0.360,-0.05000
0.280,0.370,-0.05000
0.280,0.380,-0.05000
0.280,0.390,-0.05000
0.280,0.400,-0.05000
0.280,0.410,-0.05000
0.280,0.420,-0.05000
0.280,0.430,-0.05000
0.280,0.440,-0.05000
0.280,0.450,-0.05000
0.280,0.460,-0.05000
0.280,0.470,-0.05000
0.280,0.480,-0.05000
0.280,0.490,-0.05000
0.280,0.500,-0.05000
0.280,0.510,-0.05000
0.280,0.520,-0.05000
0.280,0.530,-0.05000
0.280,0.540,-0.05000
0.280,0.550,-0.05000
0.290,0.250,1.00000
0.290,0.260,1.00000
0.290,0.270,0.70000
0.290,0.280,0.05000
0.290,0.290,0.09524
0.290,0.300,0.14286
0.290,0.310,0.38095
0.290,0.320,0.60000
0.290,0.330,0.35000
0.290,0.340,-0.05000
0.290,0.350,-0.05000
0.290,0.360,-0.05000
0.290,0.370,-0.05000
0.290,0.380,-0.05000
0.290,0.390,-0.05000
0.290,0.400,-0.05000
0.290,0.410,-0.05000
0.290,0.420,-0.05000
0.290,0.430,-0.05000
0.290,0.440,-0.05000
0.290,0.450,-0.05000
0.290,0.460,-0.05000
0.290,0.470,-0.05000
0.290,0.480,-0.05000
0.290,0.490,-0.05000
0.290,0.500,-0.05000
0.290,0.510,-0.04762
0.290,0.520,-0.05000
0.290,0.530,-0.05000
0.290,0.540,-0.05000
0.290,0.550,-0.05000
0.300,0.250,1.00000
0.300,0.260,1.00000
0.300,0.270,0.50000
0.300,0.280,0.25000
0.300,0.290,0.10000
0.300,0.300,0.30000
0.300,0.310,0.25000
0.300,0.320,0.25000
0.300,0.330,0.25000
0.300,0.340,0.05000
0.300,0.350,-0.05000
0.300,0.360,-0.05000
0.300,0.370,-0.05000
0.300,0.380,-0.05000
0.300,0.390,-0.05000
0.300,0.400,-0.05000
0.300,0.410,-0.05000
0.300,0.420,-0.05000
0.300,0.430,-0.05000
0.300,0.440,-0.05000
0.300,0.450,-0.05000
0.300,0.460,-0.05000
0.300,0.470,-0.05000
0.300,0.480,-0.05000
0.300,0.490,-0.05000
0.300,0.500,-0.05000
0.300,0.510,-0.05000
0.300,0.520,-0.05000
0.300,0.530,-0.05000
0.300,0.540,-0.05000
0.300,0.550,-0.05000
0.310,0.250,1.00000
0.310,0.260,1.00000
0.310,0.270,0.38095
0.310,0.280,0.15000
0.310,0.290,0.09524
0.310,0.300,0.10000
0.310,0.310,0.20000
0.310,0.320,0.25000
0.310,0.330,0.20000
0.310,0.340,-0.05000
0.310,0.350,-0.05000
0.310,0.360,-0.05000
0.310,0.370,-0.05000
0.310,0.380,-0.05000
0.310,0.390,-0.05000
0.310,0.400,-0.05000
0.310,0.410,-0.05000
0.310,0.420,-0.05263
0.310,0.430,-0.05000
0.310,0.440,-0.05000
0.310,0.450,-0.05000
0.310,0.460,-0.05000
0.310,0.470,-0.05000
0.310,0.480,-0.05000
0.310,0.490,-0.05000
0.310,0.500,-0.05000
0.310,0.510,-0.05000
0.310,0.520,-0.05000
0.310,0.530,-0.05000
0.310,0.540,-0.05000
0.310,0.550,-0.05000
0.320,0.250,1.00000
0.320,0.260,1.00000
0.320,0.270,0.40000
0.320,0.280,0.10000
0.320,0.290,0.20000
0.320,0.300,0.20000
0.320,0.310,0.15000
0.320,0.320,0.20000
0.320,0.330,0.05000
0.320,0.340,-0.05000
0.320,0.350,-0.05000
0.320,0.360,-0.05000
0.320,0.370,-0.05000
0.320,0.380,-0.05000
0.320,0.390,-0.05000
0.320,0.400,-0.05000
0.320,0.410,-0.05000
0.320,0.420,-0.05000
0.320,0.430,-0.05000
0.320,0.440,-0.05000
0.320,0.450,-0.05000
0.320,0.460,-0.05000
0.320,0.470,-0.05000
0.320,0.480,-0.05000
0.320,0.490,-0.05000
0.320,0.500,-0.05000
0.320,0.510,-0.05000
0.320,0.520,-0.05000
0.320,0.530,-0.05000
0.320,0.540,-0.05000
0.320,0.550,-0.04762
0.330,0.250,1.00000
0.330,0.260,1.00000
0.330,0.270,0.50000
0.330,0.280,0.09524
0.330,0.290,0.05000
0.330,0.300,0.10000
0.330,0.310,0.10000
0.330,0.320,0.33333
0.330,0.330,0.10000
0.330,0.340,-0.05000
0.330,0.350,-0.05000
0.330,0.360,-0.05000
0.330,0.370,-0.05000
0.330,0.380,-0.05000
0.330,0.390,-0.04762
0.330,0.400,-0.05000
0.330,0.410,-0.05000
0.330,0.420,-0.05000
0.330,0.430,-0.05000
0.330,0.440,-0.05000
0.330,0.450,-0.04762
0.330,0.460,-0.05000
0.330,0.470,-0.05000
0.330,0.480,-0.05000
0.330,0.490,-0.05000
0.330,0.500,-0.05000
0.330,0.510,-0.05000
0.330,0.520,-0.05000
0.330,0.530,-0.05000
0.330,0.540,-0.05000
0.330,0.550,-0.05000
0.340,0.250,1.00000
0.340,0.260,1.00000
0.340,0.270,0.40000
0.340,0.280,0.10000
0.340,0.290,0.15000
0.340,0.300,0.10000
0.340,0.310,0.05000
0.340,0.320,0.05000
0.340,0.330,0.10000
0.340,0.340,0.05000
0.340,0.350,-0.04762
0.340,0.360,-0.05000
0.340,0.370,-0.05000
0.340,0.380,-0.05000
0.340,0.390,-0.05000
0.340,0.400,-0.05000
0.340,0.410,-0.05000
0.340,0.420,-0.05000
0.340,0.430,-0.05000
0.340,0.440,-0.05000
0.340,0.450,-0.05000
0.340,0.460,-0.05000
0.340,0.470,-0.05000
0.340,0.480,-0.05000
0.340,0.490,-0.05000
0.340,0.500,-0.04762
0.340,0.510,-0.05000
0.340,0.520,-0.05000
0.340,0.530,-0.05000
0.340,0.540,-0.05000
0.340,0.550,-0.05000
0.350,0.250,1.00000
0.350,0.260,1.00000
0.350,0.270,0.28571
0.350,0.280,0.05000
0.350,0.290,0.20000
0.350,0.300,0.10000
0.350,0.310,0.15000
0.350,0.320,0.09524
0.350,0.330,-0.05000
0.350,0.340,-0.05000
0.350,0.350,-0.05000
0.350,0.360,-0.05000
0.350,0.370,-0.05000
0.350,0.380,-0.05000
0.350,0.390,-0.05000
0.350,0.400,-0.05000
0.350,0.410,-0.05000
0.350,0.420,-0.05000
0.350,0.430,-0.05000
0.350,0.440,-0.05000
0.350,0.450,-0.05000
0.350,0.460,-0.05000
0.350,0.470,-0.05000
0.350,0.480,-0.05000
0.350,0.490,-0.05000
0.350,0.500,-0.05000
0.350,0.510,-0.05000
0.350,0.520,-0.05000
0.350,0.530,-0.05000
0.350,0.540,-0.05000
0.350,0.550,-0.05000
0.360,0.250,1.00000
0.360,0.260,1.00000
0.360,0.270,0.20000
0.360,0.280,0.10000
0.360,0.290,0.20000
0.360,0.300,0.05000
0.360,0.310,-0.05000
0.360,0.320,0.05000
0.360,0.330,-0.05000
0.360,0.340,-0.05000
0.360,0.350,-0.05000
0.360,0.360,-0.05000
0.360,0.370,-0.05000
0.360,0.380,-0.05000
0.360,0.390,-0.05000
0.360,0.400,-0.05000
0.360,0.410,-0.05000
0.360,0.420,-0.05000
0.360,0.430,-0.05000
0.360,0.440,-0.05000
0.360,0.450,-0.05000
0.360,0.460,-0.05000
0.360,0.470,-0.05000
0.360,0.480,-0.05000
0.360,0.490,-0.05000
0.360,0.500,-0.05000
0.360,0.510,-0.05000
0.360,0.520,-0.05000
0.360,0.530,-0.05000
0.360,0.540,-0.05000
0.360,0.550,-0.05000
0.370,0.250,1.00000
0.370,0.260,1.00000
0.370,0.270,0.10000
0.370,0.280,0.10000
0.370,0.290,0.10000
0.370,0.300,0.09524
0.370,0.310,-0.05000
0.370,0.320,-0.05000
0.370,0.330,-0.05000
0.370,0.340,0.05000
0.370,0.350,-0.05000
0.370,0.360,-0.05000
0.370,0.370,-0.05000
0.370,0.380,-0.05000
0.370,0.390,-0.05000
0.370,0.400,-0.04762
0.370,0.410,-0.05000
0.370,0.420,-0.05000
0.370,0.430,-0.05000
0.370,0.440,-0.05000
0.370,0.450,-0.05000
0.370,0.460,-0.05000
0.370,0.470,-0.05000
0.370,0.480,-0.05000
0.370,0.490,-0.05000
0.370,0.500,-0.05000
0.370,0.510,-0.05000
0.370,0.520,-0.05000
0.370,0.530,-0.05000
0.370,0.540,-0.04762
0.370,0.550,-0.05000
0.380,0.250,1.00000
0.380,0.260,1.00000
0.380,0.270,0.10000
0.380,0.280,-0.05000
0.380,0.290,-0.05000
0.380,0.300,0.05000
0.380,0.310,-0.05000
0.380,0.320,0.05000
0.380,0.330,-0.05000
0.380,0.340,-0.05000
0.380,0.350,-0.05000
0.380,0.360,-0.05000
0.380,0.370,-0.05000
0.380,0.380,-0.05000
0.380,0.390,-0.05000
0.380,0.400,-0.05000
0.380,0.410,-0.05000
0.380,0.420,-0.05000
0.380,0.430,-0.05000
0.380,0.440,-0.05000
0.380,0.450,-0.05000
0.380,0.460,-0.05000
0.380,0.470,-0.04762
0.380,0.480,-0.05000
0.380,0.490,-0.04762
0.380,0.500,-0.05000
0.380,0.510,-0.05000
0.380,0.520,-0.05000
0.380,0.530,-0.05000
0.380,0.540,-0.05000
0.380,0.550,-0.05000
0.390,0.250,1.00000
0.390,0.260,1.00000
0.390,0.270,0.05000
0.390,0.280,-0.05000
0.390,0.290,-0.05000
0.390,0.300,-0.05000
0.390,0.310,-0.05000
0.390,0.320,-0.05000
0.390,0.330,-0.05000
0.390,0.340,-0.05000
0.390,0.350,-0.05000
0.390,0.360,-0.05000
0.390,0.370,-0.05000
0.390,0.380,-0.05000
0.390,0.390,-0.05000
0.390,0.400,-0.04762
0.390,0.410,-0.05000
0.390,0.420,-0.05000
0.390,0.430,-0.05000
0.390,0.440,-0.05000
0.390,0.450,-0.05000
0.390,0.460,-0.05000
0.390,0.470,-0.05000
0.390,0.480,-0.05000
0.390,0.490,-0.05000
0.390,0.500,-0.05000
0.390,0.510,-0.05000
0.390,0.520,-0.05000
0.390,0.530,-0.05000
0.390,0.540,-0.05000
0.390,0.550,-0.05000
0.400,0.250,1.00000
0.400,0.260,0.70000
0.400,0.270,-0.05000
0.400,0.280,-0.05000
0.400,0.290,-0.05000
0.400,0.300,-0.05000
0.400,0.310,-0.05000
0.400,0.320,-0.05000
0.400,0.330,-0.05000
0.400,0.340,-0.05000
0.400,0.350,-0.05000
0.400,0.360,-0.05000
0.400,0.370,-0.05000
0.400,0.380,-0.05000
0.400,0.390,-0.05000
0.400,0.400,-0.05000
0.400,0.410,-0.05000
0.400,0.420,-0.05000
0.400,0.430,-0.05000
0.400,0.440,-0.05000
0.400,0.450,-0.04762
0.400,0.460,-0.05000
0.400,0.470,-0.05000
0.400,0.480,-0.05000
0.400,0.490,-0.05000
0.400,0.500,-0.05000
0.400,0.510,-0.05000
0.400,0.520,-0.05000
0.400,0.530,-0.05000
0.400,0.540,-0.05000
0.400,0.550,-0.05000
0.410,0.250,1.00000
0.410,0.260,0.60000
0.410,0.270,-0.05000
0.410,0.280,-0.05000
0.410,0.290,-0.05000
0.410,0.300,0.05000
0.410,0.310,-0.05000
0.410,0.320,0.05000
0.410,0.330,-0.05000
0.410,0.340,-0.05000
0.410,0.350,-0.05000
0.410,0.360,-0.05000
0.410,0.370,-0.05000
0.410,0.380,-0.05000
0.410,0.390,-0.05000
0.410,0.400,-0.04762
0.410,0.410,-0.05000
0.410,0.420,-0.04762
0.410,0.430,-0.05000
0.410,0.440,-0.05000
0.410,0.450,-0.05000
0.410,0.460,-0.05000
0.410,0.470,-0.05000
0.410,0.480,-0.05000
0.410,0.490,-0.05000
0.410,0.500,-0.05000
0.410,0.510,-0.05000
0.410,0.520,-0.05000
0.410,0.530,-0.05000
0.410,0.540,-0.05000
0.410,0.550,-0.05000
0.420,0.250,1.00000
0.420,0.260,0.35000
0.420,0.270,0.05000
0.420,0.280,-0.05000
0.420,0.290,-0.05000
0.420,0.300,0.10000
0.420,0.310,-0.05000
0.420,0.320,-0.05000
0.420,0.330,-0.04762
0.420,0.340,-0.05000
0.420,0.350,-0.05000
0.420,0.360,-0.05000
0.420,0.370,-0.05000
0.420,0.380,-0.05000
0.420,0.390,-0.05000
0.420,0.400,-0.05000
0.420,0.410,-0.05000
0.420,0.420,-0.05000
0.420,0.430,-0.05000
0.420,0.440,-0.05000
0.420,0.450,-0.05000
0.420,0.460,-0.05000
0.420,0.470,-0.05000
0.420,0.480,-0.05000
0.420,0.490,-0.05000
0.420,0.500,-0.05000
0.420,0.510,-0.05000
0.420,0.520,-0.05000
0.420,0.530,-0.05000
0.420,0.540,-0.05000
0.420,0.550,-0.05000
0.430,0.250,1.00000
0.430,0.260,0.30000
0.430,0.270,-0.04762
0.430,0.280,-0.05000
0.430,0.290,-0.05000
0.430,0.300,-0.05000
0.430,0.310,-0.05000
0.430,0.320,-0.05000
0.430,0.330,-0.05000
0.430,0.340,-0.05000
0.430,0.350,-0.05000
0.430,0.360,-0.05000
0.430,0.370,-0.04762
0.430,0.380,-0.05000
0.430,0.390,-0.05000
0.430,0.400,-0.05000
0.430,0.410,-0.05000
0.430,0.420,-0.05000
0.430,0.430,-0.05000
0.430,0.440,-0.05000
0.430,0.450,-0.05000
0.430,0.460,-0.05000
0.430,0.470,-0.05000
0.430,0.480,-0.05000
0.430,0.490,-0.05000
0.430,0.500,-0.05000
0.430,0.510,-0.05000
0.430,0.520,-0.05000
0.430,0.530,-0.05000
0.430,0.540,-0.05000
0.430,0.550,-0.05000
0.440,0.250,1.00000
0.440,0.260,0.05000
0.440,0.270,-0.05000
0.440,0.280,-0.05000
0.440,0.290,-0.05000
0.440,0.300,-0.05000
0.440,0.310,-0.05000
0.440,0.320,-0.05000
0.440,0.330,-0.05000
0.440,0.340,-0.05000
0.440,0.350,-0.05000
0.440,0.360,-0.05000
0.440,0.370,-0.05000
0.440,0.380,-0.05000
0.440,0.390,-0.05000
0.440,0.400,-0.05000
0.440,0.410,-0.05000
0.440,0.420,-0.05000
0.440,0.430,-0.05000
0.440,0.440,-0.05000
0.440,0.450,-0.05000
0.440,0.460,-0.05000
0.440,0.470,-0.05000
0.440,0.480,-0.05000
0.440,0.490,-0.05000
0.440,0.500,-0.05000
0.440,0.510,-0.05000
0.440,0.520,-0.05000
0.440,0.530,-0.05000
0.440,0.540,-0.05000
0.440,0.550,-0.05000
0.450,0.250,0.75000
0.450,0.260,-0.05000
0.450,0.270,-0.05000
0.450,0.280,-0.05000
0.450,0.290,-0.05000
0.450,0.300,-0.05000
0.450,0.310,-0.05000
0.450,0.320,-0.05000
0.450,0.330,-0.05000
0.450,0.340,-0.05000
0.450,0.350,-0.05000
0.450,0.360,-0.05000
0.450,0.370,-0.05000
0.450,0.380,-0.05000
0.450,0.390,-0.05000
0.450,0.400,-0.05000
0.450,0.410,-0.05000
0.450,0.420,-0.05000
0.450,0.430,-0.05000
0.450,0.440,-0.05000
0.450,0.450,-0.05000
0.450,0.460,-0.05000
0.450,0.470,-0.05000
0.450,0.480,-0.05000
0.450,0.490,-0.05000
0.450,0.500,-0.05000
0.450,0.510,-0.05000
0.450,0.520,-0.05000
0.450,0.530,-0.05000
0.450,0.540,-0.05000
0.450,0.550,-0.04762
0.460,0.250,0.75000
0.460,0.260,-0.05000
0.460,0.270,-0.05000
0.460,0.280,-0.05000
0.460,0.290,-0.05000
0.460,0.300,-0.05000
0.460,0.310,-0.05000
0.460,0.320,-0.05000
0.460,0.330,-0.05000
0.460,0.340,-0.05000
0.460,0.350,-0.05000
0.460,0.360,-0.05000
0.460,0.370,-0.05000
0.460,0.380,-0.05000
0.460,0.390,-0.05000
0.460,0.400,-0.05000
0.460,0.410,-0.05000
0.460,0.420,-0.05000
0.460,0.430,-0.05000
0.460,0.440,-0.05000
0.460,0.450,-0.05000
0.460,0.460,-0.05000
0.460,0.470,-0.05000
0.460,0.480,-0.05000
0.460,0.490,-0.05000
0.460,0.500,-0.05000
0.460,0.510,-0.05000
0.460,0.520,-0.05000
0.460,0.530,-0.05000
0.460,0.540,-0.05000
0.460,0.550,-0.05000
0.470,0.250,0.55000
0.470,0.260,-0.05000
0.470,0.270,-0.05000
0.470,0.280,-0.05000
0.470,0.290,-0.05000
0.470,0.300,-0.05000
0.470,0.310,-0.05000
0.470,0.320,-0.05000
0.470,0.330,-0.05000
0.470,0.340,-0.05000
0.470,0.350,-0.05000
0.470,0.360,-0.05000
0.470,0.370,-0.05000
0.470,0.380,-0.05000
0.470,0.390,-0.05000
0.470,0.400,-0.05000
0.470,0.410,-0.04762
0.470,0.420,-0.05000
0.470,0.430,-0.05000
0.470,0.440,-0.05000
0.470,0.450,-0.05000
0.470,0.460,-0.05000
0.470,0.470,-0.05000
0.470,0.480,-0.04762
0.470,0.490,-0.05000
0.470,0.500,-0.05000
0.470,0.510,-0.05000
0.470,0.520,-0.05000
0.470,0.530,-0.05000
0.470,0.540,-0.05000
0.470,0.550,-0.05000
0.480,0.250,0.20000
0.480,0.260,-0.05000
0.480,0.270,-0.05000
0.480,0.280,-0.05000
0.480,0.290,-0.05000
0.480,0.300,-0.05000
0.480,0.310,-0.05000
0.480,0.320,-0.05000
0.480,0.330,-0.05000
0.480,0.340,-0.05000
0.480,0.350,-0.05000
0.480,0.360,-0.05000
0.480,0.370,-0.05000
0.480,0.380,-0.05000
0.480,0.390,-0.05000
0.480,0.400,-0.05000
0.480,0.410,-0.05000
0.480,0.420,-0.05000
0.480,0.430,-0.05000
0.480,0.440,-0.05000
0.480,0.450,-0.05000
0.480,0.460,-0.05000
0.480,0.470,-0.05000
0.480,0.480,-0.05000
0.480,0.490,-0.05000
0.480,0.500,-0.05000
0.480,0.510,-0.05000
0.480,0.520,-0.05000
0.480,0.530,-0.05000
0.480,0.540,-0.05000
0.480,0.550,-0.05000
0.490,0.250,0.05000
0.490,0.260,-0.05000
0.490,0.270,-0.05000
0.490,0.280,-0.05000
0.490,0.290,-0.05000
0.490,0.300,-0.05000
0.490,0.310,-0.05000
0.490,0.320,-0.05000
0.490,0.330,-0.05000
0.490,0.340,-0.05000
0.490,0.350,-0.05000
0.490,0.360,-0.05000
0.490,0.370,-0.05000
0.490,0.380,-0.04762
0.490,0.390,-0.05000
0.490,0.400,-0.05000
0.490,0.410,-0.05000
0.490,0.420,-0.05000
0.490,0.430,-0.05000
0.490,0.440,-0.05000
0.490,0.450,-0.05000
0.490,0.460,-0.05000
0.490,0.470,-0.05000
0.490,0.480,-0.05000
0.490,0.490,-0.05000
0.490,0.500,-0.05000
0.490,0.510,-0.05000
0.490,0.520,-0.05000
0.490,0.530,-0.05000
0.490,0.540,-0.04762
0.490,0.550,-0.05000
0.500,0.250,-0.05000
0.500,0.260,-0.05000
0.500,0.270,-0.05000
0.500,0.280,-0.05000
0.500,0.290,-0.05000
0.500,0.300,-0.05000
0.500,0.310,-0.05000
0.500,0.320,-0.04762
0.500,0.330,-0.05000
0.500,0.340,-0.05000
0.500,0.350,-0.05000
0.500,0.360,-0.05000
0.500,0.370,-0.05000
0.500,0.380,-0.05000
0.500,0.390,-0.05000
0.500,0.400,-0.05000
0.500,0.410,-0.05000
0.500,0.420,-0.05000
0.500,0.430,-0.05000
0.500,0.440,-0.05000
0.500,0.450,-0.05000
0.500,0.460,-0.05000
0.500,0.470,-0.05000
0.500,0.480,-0.05000
0.500,0.490,-0.05000
0.500,0.500,-0.05000
0.500,0.510,-0.05000
0.500,0.520,-0.05000
0.500,0.530,-0.05000
0.500,0.540,-0.05000
0.500,0.550,-0.05000
